[1,2,3]' ;


a=[1 2; 3 4]
b=[2 2;3 3;4 4]
c=eye(3)
d=[1 2 3]
e=zeros(3,3)
